1,0,0,0,1,0,0,0,1,0,0,0.5,0
1,0,2.9674e-06,0,1,0,-2.9674e-06,0,1,1.2594e-06,0,0.5,0
1,0,2.356e-05,0,1,0,-2.356e-05,0,1,9.9991e-06,0,0.5,0
1,0,7.8912e-05,0,1,0,-7.8912e-05,0,1,3.3491e-05,0,0.49999,0
1,0,0.00018563,0,1,0,-0.00018563,0,1,7.8783e-05,0,0.49997,0
1,0,0.00035979,0,1,0,-0.00035979,0,1,0.0001527,0,0.49994,0
1,0,0.00061696,0,1,0,-0.00061696,0,1,0.00026184,0,0.4999,0
1,0,0.00097218,0,1,0,-0.00097218,0,1,0.0004126,0,0.49985,0
1,0,0.00144,0,1,0,-0.00144,0,1,0.00061115,0,0.49977,0
1,0,0.0020344,0,1,0,-0.0020344,0,1,0.00086344,0,0.49968,0
1,0,0.002769,0,1,0,-0.002769,0,1,0.0011752,0,0.49956,0
0.99999,0,0.0036568,0,1,0,-0.0036568,0,0.99999,0.001552,0,0.49942,0
0.99999,0,0.0047104,0,1,0,-0.0047104,0,0.99999,0.0019992,0,0.49925,0
0.99998,0,0.0059419,0,1,0,-0.0059419,0,0.99998,0.0025218,0,0.49905,0
0.99997,0,0.0073627,0,1,0,-0.0073627,0,0.99997,0.0031249,0,0.49883,0
0.99996,0,0.0089842,0,1,0,-0.0089842,0,0.99996,0.003813,0,0.49857,0
0.99994,0,0.010817,0,1,0,-0.010817,0,0.99994,0.0045909,0,0.49828,0
0.99992,0,0.012871,0,1,0,-0.012871,0,0.99992,0.0054627,0,0.49795,0
0.99989,0,0.015156,0,1,0,-0.015156,0,0.99989,0.0064327,0,0.49759,0
0.99984,0,0.017682,0,1,0,-0.017682,0,0.99984,0.0075048,0,0.49719,0
0.99979,0,0.020457,0,1,0,-0.020457,0,0.99979,0.0086827,0,0.49674,0
0.99972,0,0.023489,0,1,0,-0.023489,0,0.99972,0.00997,0,0.49626,0
0.99964,0,0.026787,0,1,0,-0.026787,0,0.99964,0.01137,0,0.49574,0
0.99954,0,0.030358,0,1,0,-0.030358,0,0.99954,0.012886,0,0.49517,0
0.99941,0,0.034209,0,1,0,-0.034209,0,0.99941,0.014522,0,0.49455,0
0.99926,0,0.038346,0,1,0,-0.038346,0,0.99926,0.016279,0,0.4939,0
0.99908,0,0.042776,0,1,0,-0.042776,0,0.99908,0.01816,0,0.49319,0
0.99887,0,0.047505,0,1,0,-0.047505,0,0.99887,0.020169,0,0.49244,0
0.99862,0,0.052537,0,1,0,-0.052537,0,0.99862,0.022308,0,0.49163,0
0.99832,0,0.057877,0,1,0,-0.057877,0,0.99832,0.024577,0,0.49078,0
0.99798,0,0.06353,0,1,0,-0.06353,0,0.99798,0.026981,0,0.48988,0
0.99758,0,0.069499,0,1,0,-0.069499,0,0.99758,0.02952,0,0.48893,0
0.99712,0,0.075788,0,1,0,-0.075788,0,0.99712,0.032196,0,0.48793,0
0.9966,0,0.082399,0,1,0,-0.082399,0,0.9966,0.035011,0,0.48687,0
0.996,0,0.089336,0,1,0,-0.089336,0,0.996,0.037966,0,0.48576,0
0.99532,0,0.0966,0,1,0,-0.0966,0,0.99532,0.041062,0,0.4846,0
0.99456,0,0.10419,0,1,0,-0.10419,0,0.99456,0.044301,0,0.48339,0
0.9937,0,0.11211,0,1,0,-0.11211,0,0.9937,0.047683,0,0.48212,0
0.99273,0,0.12036,0,1,0,-0.12036,0,0.99273,0.051209,0,0.4808,0
0.99165,0,0.12895,0,1,0,-0.12895,0,0.99165,0.054879,0,0.47942,0
0.99045,0,0.13786,0,1,0,-0.13786,0,0.99045,0.058695,0,0.47799,0
0.98912,0,0.14709,0,1,0,-0.14709,0,0.98912,0.062656,0,0.4765,0
0.98765,0,0.15666,0,1,0,-0.15666,0,0.98765,0.066763,0,0.47496,0
0.98603,0,0.16655,0,1,0,-0.16655,0,0.98603,0.071016,0,0.47337,0
0.98425,0,0.17676,0,1,0,-0.17676,0,0.98425,0.075414,0,0.47172,0
0.98231,0,0.18728,0,1,0,-0.18728,0,0.98231,0.079958,0,0.47002,0
0.98018,0,0.19813,0,1,0,-0.19813,0,0.98018,0.084647,0,0.46826,0
0.97786,0,0.20928,0,1,0,-0.20928,0,0.97786,0.089481,0,0.46644,0
0.97533,0,0.22073,0,1,0,-0.22073,0,0.97533,0.094459,0,0.46458,0
0.9726,0,0.23248,0,1,0,-0.23248,0,0.9726,0.099581,0,0.46266,0
0.96964,0,0.24453,0,1,0,-0.24453,0,0.96964,0.10485,0,0.46068,0
0.96645,0,0.25686,0,1,0,-0.25686,0,0.96645,0.11025,0,0.45866,0
0.96301,0,0.26947,0,1,0,-0.26947,0,0.96301,0.1158,0,0.45658,0
0.95931,0,0.28235,0,1,0,-0.28235,0,0.95931,0.12148,0,0.45444,0
0.95535,0,0.29549,0,1,0,-0.29549,0,0.95535,0.12731,0,0.45226,0
0.9511,0,0.30888,0,1,0,-0.30888,0,0.9511,0.13327,0,0.45002,0
0.94657,0,0.32251,0,1,0,-0.32251,0,0.94657,0.13937,0,0.44774,0
0.94173,0,0.33637,0,1,0,-0.33637,0,0.94173,0.1456,0,0.4454,0
0.93658,0,0.35045,0,1,0,-0.35045,0,0.93658,0.15196,0,0.44301,0
0.93111,0,0.36474,0,1,0,-0.36474,0,0.93111,0.15846,0,0.44058,0
0.9253,0,0.37923,0,1,0,-0.37923,0,0.9253,0.16508,0,0.43809,0
0.91916,0,0.39389,0,1,0,-0.39389,0,0.91916,0.17183,0,0.43556,0
0.91266,0,0.40873,0,1,0,-0.40873,0,0.91266,0.1787,0,0.43299,0
0.90579,0,0.42372,0,1,0,-0.42372,0,0.90579,0.1857,0,0.43036,0
0.89856,0,0.43885,0,1,0,-0.43885,0,0.89856,0.19282,0,0.42769,0
0.89095,0,0.4541,0,1,0,-0.4541,0,0.89095,0.20005,0,0.42498,0
0.88295,0,0.46946,0,1,0,-0.46946,0,0.88295,0.2074,0,0.42222,0
0.87456,0,0.48491,0,1,0,-0.48491,0,0.87456,0.21486,0,0.41943,0
0.86577,0,0.50044,0,1,0,-0.50044,0,0.86577,0.22244,0,0.41659,0
0.85657,0,0.51603,0,1,0,-0.51603,0,0.85657,0.23012,0,0.41371,0
0.84696,0,0.53166,0,1,0,-0.53166,0,0.84696,0.23791,0,0.41079,0
0.83693,0,0.54731,0,1,0,-0.54731,0,0.83693,0.2458,0,0.40783,0
0.82648,0,0.56296,0,1,0,-0.56296,0,0.82648,0.25378,0,0.40483,0
0.81561,0,0.5786,0,1,0,-0.5786,0,0.81561,0.26187,0,0.4018,0
0.80431,0,0.59421,0,1,0,-0.59421,0,0.80431,0.27005,0,0.39873,0
0.79258,0,0.60977,0,1,0,-0.60977,0,0.79258,0.27832,0,0.39563,0
0.78042,0,0.62526,0,1,0,-0.62526,0,0.78042,0.28668,0,0.3925,0
0.76783,0,0.64066,0,1,0,-0.64066,0,0.76783,0.29512,0,0.38933,0
0.75481,0,0.65595,0,1,0,-0.65595,0,0.75481,0.30364,0,0.38613,0
0.74136,0,0.67111,0,1,0,-0.67111,0,0.74136,0.31224,0,0.38291,0
0.72748,0,0.68612,0,1,0,-0.68612,0,0.72748,0.32092,0,0.37966,0
0.71319,0,0.70097,0,1,0,-0.70097,0,0.71319,0.32967,0,0.37638,0
0.69848,0,0.71563,0,1,0,-0.71563,0,0.69848,0.33848,0,0.37307,0
0.68335,0,0.73009,0,1,0,-0.73009,0,0.68335,0.34736,0,0.36974,0
0.66782,0,0.74432,0,1,0,-0.74432,0,0.66782,0.3563,0,0.36639,0
0.65189,0,0.75831,0,1,0,-0.75831,0,0.65189,0.3653,0,0.36301,0
0.63557,0,0.77204,0,1,0,-0.77204,0,0.63557,0.37435,0,0.35962,0
0.61887,0,0.7855,0,1,0,-0.7855,0,0.61887,0.38346,0,0.3562,0
0.60179,0,0.79866,0,1,0,-0.79866,0,0.60179,0.39261,0,0.35277,0
0.58435,0,0.8115,0,1,0,-0.8115,0,0.58435,0.4018,0,0.34933,0
0.56656,0,0.82402,0,1,0,-0.82402,0,0.56656,0.41103,0,0.34586,0
0.54843,0,0.8362,0,1,0,-0.8362,0,0.54843,0.4203,0,0.34239,0
0.52998,0,0.84801,0,1,0,-0.84801,0,0.52998,0.4296,0,0.3389,0
0.51121,0,0.85946,0,1,0,-0.85946,0,0.51121,0.43893,0,0.3354,0
0.49215,0,0.87051,0,1,0,-0.87051,0,0.49215,0.44828,0,0.33189,0
0.4728,0,0.88117,0,1,0,-0.88117,0,0.4728,0.45766,0,0.32838,0
0.45319,0,0.89142,0,1,0,-0.89142,0,0.45319,0.46705,0,0.32486,0
0.43332,0,0.90124,0,1,0,-0.90124,0,0.43332,0.47645,0,0.32133,0
0.41323,0,0.91063,0,1,0,-0.91063,0,0.41323,0.48587,0,0.3178,0
0.39291,0,0.91957,0,1,0,-0.91957,0,0.39291,0.49529,0,0.31427,0
0.37241,0,0.92807,0,1,0,-0.92807,0,0.37241,0.50471,0,0.31073,0
0.35172,0,0.93611,0,1,0,-0.93611,0,0.35172,0.51413,0,0.3072,0
0.33087,0,0.94368,0,1,0,-0.94368,0,0.33087,0.52355,0,0.30367,0
0.30988,0,0.95078,0,1,0,-0.95078,0,0.30988,0.53295,0,0.30014,0
0.28876,0,0.9574,0,1,0,-0.9574,0,0.28876,0.54234,0,0.29662,0
0.26755,0,0.96354,0,1,0,-0.96354,0,0.26755,0.55172,0,0.29311,0
0.24625,0,0.96921,0,1,0,-0.96921,0,0.24625,0.56107,0,0.2896,0
0.22489,0,0.97439,0,1,0,-0.97439,0,0.22489,0.5704,0,0.2861,0
0.20348,0,0.97908,0,1,0,-0.97908,0,0.20348,0.5797,0,0.28261,0
0.18205,0,0.98329,0,1,0,-0.98329,0,0.18205,0.58897,0,0.27914,0
0.16062,0,0.98702,0,1,0,-0.98702,0,0.16062,0.5982,0,0.27567,0
0.13921,0,0.99026,0,1,0,-0.99026,0,0.13921,0.60739,0,0.27223,0
0.11783,0,0.99303,0,1,0,-0.99303,0,0.11783,0.61654,0,0.2688,0
0.096502,0,0.99533,0,1,0,-0.99533,0,0.096502,0.62565,0,0.26538,0
0.075252,0,0.99716,0,1,0,-0.99716,0,0.075252,0.6347,0,0.26199,0
0.054094,0,0.99854,0,1,0,-0.99854,0,0.054094,0.6437,0,0.25861,0
0.033048,0,0.99945,0,1,0,-0.99945,0,0.033048,0.65264,0,0.25526,0
0.012131,0,0.99993,0,1,0,-0.99993,0,0.012131,0.66152,0,0.25193,0
-0.0086396,0,0.99996,0,1,0,-0.99996,0,-0.0086396,0.67033,0,0.24862,0
-0.029246,0,0.99957,0,1,0,-0.99957,0,-0.029246,0.67908,0,0.24534,0
-0.049672,0,0.99877,0,1,0,-0.99877,0,-0.049672,0.68776,0,0.24209,0
-0.069902,0,0.99755,0,1,0,-0.99755,0,-0.069902,0.69636,0,0.23887,0
-0.08992,0,0.99595,0,1,0,-0.99595,0,-0.08992,0.70488,0,0.23567,0
-0.10971,0,0.99396,0,1,0,-0.99396,0,-0.10971,0.71332,0,0.2325,0
-0.12926,0,0.99161,0,1,0,-0.99161,0,-0.12926,0.72168,0,0.22937,0
-0.14856,0,0.9889,0,1,0,-0.9889,0,-0.14856,0.72995,0,0.22627,0
-0.16759,0,0.98586,0,1,0,-0.98586,0,-0.16759,0.73813,0,0.2232,0
-0.18634,0,0.98249,0,1,0,-0.98249,0,-0.18634,0.74622,0,0.22017,0
-0.2048,0,0.9788,0,1,0,-0.9788,0,-0.2048,0.7542,0,0.21717,0
-0.22295,0,0.97483,0,1,0,-0.97483,0,-0.22295,0.76209,0,0.21421,0
-0.2408,0,0.97057,0,1,0,-0.97057,0,-0.2408,0.76988,0,0.21129,0
-0.25833,0,0.96606,0,1,0,-0.96606,0,-0.25833,0.77756,0,0.20841,0
-0.27552,0,0.96129,0,1,0,-0.96129,0,-0.27552,0.78514,0,0.20557,0
-0.29239,0,0.9563,0,1,0,-0.9563,0,-0.29239,0.7926,0,0.20278,0
-0.3089,0,0.95109,0,1,0,-0.95109,0,-0.3089,0.79995,0,0.20002,0
-0.32507,0,0.94569,0,1,0,-0.94569,0,-0.32507,0.80718,0,0.19731,0
-0.34088,0,0.94011,0,1,0,-0.94011,0,-0.34088,0.8143,0,0.19464,0
-0.35633,0,0.93436,0,1,0,-0.93436,0,-0.35633,0.8213,0,0.19201,0
-0.37142,0,0.92847,0,1,0,-0.92847,0,-0.37142,0.82817,0,0.18944,0
-0.38613,0,0.92244,0,1,0,-0.92244,0,-0.38613,0.83492,0,0.18691,0
-0.40048,0,0.91631,0,1,0,-0.91631,0,-0.40048,0.84154,0,0.18442,0
-0.41445,0,0.91007,0,1,0,-0.91007,0,-0.41445,0.84804,0,0.18199,0
-0.42805,0,0.90375,0,1,0,-0.90375,0,-0.42805,0.8544,0,0.1796,0
-0.44127,0,0.89737,0,1,0,-0.89737,0,-0.44127,0.86063,0,0.17726,0
-0.45412,0,0.89094,0,1,0,-0.89094,0,-0.45412,0.86673,0,0.17498,0
-0.46659,0,0.88447,0,1,0,-0.88447,0,-0.46659,0.87269,0,0.17274,0
-0.47869,0,0.87799,0,1,0,-0.87799,0,-0.47869,0.87852,0,0.17056,0
-0.49041,0,0.87149,0,1,0,-0.87149,0,-0.49041,0.8842,0,0.16842,0
-0.50175,0,0.86501,0,1,0,-0.86501,0,-0.50175,0.88975,0,0.16634,0
-0.51273,0,0.85855,0,1,0,-0.85855,0,-0.51273,0.89515,0,0.16432,0
-0.52334,0,0.85212,0,1,0,-0.85212,0,-0.52334,0.90042,0,0.16234,0
-0.53359,0,0.84575,0,1,0,-0.84575,0,-0.53359,0.90554,0,0.16042,0
-0.54347,0,0.83943,0,1,0,-0.83943,0,-0.54347,0.91052,0,0.15856,0
-0.55299,0,0.83319,0,1,0,-0.83319,0,-0.55299,0.91535,0,0.15674,0
-0.56217,0,0.82702,0,1,0,-0.82702,0,-0.56217,0.92004,0,0.15498,0
-0.57099,0,0.82096,0,1,0,-0.82096,0,-0.57099,0.92459,0,0.15328,0
-0.57946,0,0.815,0,1,0,-0.815,0,-0.57946,0.92898,0,0.15163,0
-0.5876,0,0.80915,0,1,0,-0.80915,0,-0.5876,0.93324,0,0.15004,0
-0.5954,0,0.80343,0,1,0,-0.80343,0,-0.5954,0.93734,0,0.1485,0
-0.60288,0,0.79783,0,1,0,-0.79783,0,-0.60288,0.94131,0,0.14701,0
-0.61003,0,0.79238,0,1,0,-0.79238,0,-0.61003,0.94512,0,0.14558,0
-0.61686,0,0.78708,0,1,0,-0.78708,0,-0.61686,0.94879,0,0.1442,0
-0.62337,0,0.78192,0,1,0,-0.78192,0,-0.62337,0.95232,0,0.14288,0
-0.62958,0,0.77693,0,1,0,-0.77693,0,-0.62958,0.9557,0,0.14161,0
-0.63549,0,0.77211,0,1,0,-0.77211,0,-0.63549,0.95894,0,0.1404,0
-0.64111,0,0.76745,0,1,0,-0.76745,0,-0.64111,0.96203,0,0.13924,0
-0.64644,0,0.76297,0,1,0,-0.76297,0,-0.64644,0.96499,0,0.13813,0
-0.65148,0,0.75866,0,1,0,-0.75866,0,-0.65148,0.9678,0,0.13707,0
-0.65625,0,0.75454,0,1,0,-0.75454,0,-0.65625,0.97048,0,0.13607,0
-0.66076,0,0.7506,0,1,0,-0.7506,0,-0.66076,0.97302,0,0.13512,0
-0.665,0,0.74685,0,1,0,-0.74685,0,-0.665,0.97542,0,0.13422,0
-0.66898,0,0.74328,0,1,0,-0.74328,0,-0.66898,0.97769,0,0.13337,0
-0.67272,0,0.7399,0,1,0,-0.7399,0,-0.67272,0.97983,0,0.13256,0
-0.67621,0,0.73671,0,1,0,-0.73671,0,-0.67621,0.98184,0,0.13181,0
-0.67947,0,0.7337,0,1,0,-0.7337,0,-0.67947,0.98372,0,0.1311,0
-0.6825,0,0.73088,0,1,0,-0.73088,0,-0.6825,0.98548,0,0.13045,0
-0.68531,0,0.72825,0,1,0,-0.72825,0,-0.68531,0.98711,0,0.12983,0
-0.68791,0,0.72579,0,1,0,-0.72579,0,-0.68791,0.98863,0,0.12926,0
-0.6903,0,0.72352,0,1,0,-0.72352,0,-0.6903,0.99003,0,0.12874,0
-0.69249,0,0.72142,0,1,0,-0.72142,0,-0.69249,0.99132,0,0.12826,0
-0.69449,0,0.7195,0,1,0,-0.7195,0,-0.69449,0.9925,0,0.12781,0
-0.69631,0,0.71774,0,1,0,-0.71774,0,-0.69631,0.99357,0,0.12741,0
-0.69795,0,0.71615,0,1,0,-0.71615,0,-0.69795,0.99454,0,0.12705,0
-0.69942,0,0.71471,0,1,0,-0.71471,0,-0.69942,0.99541,0,0.12672,0
-0.70073,0,0.71343,0,1,0,-0.71343,0,-0.70073,0.99619,0,0.12643,0
-0.70188,0,0.71229,0,1,0,-0.71229,0,-0.70188,0.99688,0,0.12617,0
-0.70289,0,0.7113,0,1,0,-0.7113,0,-0.70289,0.99748,0,0.12595,0
-0.70377,0,0.71043,0,1,0,-0.71043,0,-0.70377,0.998,0,0.12575,0
-0.70452,0,0.70969,0,1,0,-0.70969,0,-0.70452,0.99845,0,0.12558,0
-0.70515,0,0.70906,0,1,0,-0.70906,0,-0.70515,0.99882,0,0.12544,0
-0.70567,0,0.70854,0,1,0,-0.70854,0,-0.70567,0.99914,0,0.12532,0
-0.70609,0,0.70812,0,1,0,-0.70812,0,-0.70609,0.99939,0,0.12523,0
-0.70642,0,0.70779,0,1,0,-0.70779,0,-0.70642,0.99959,0,0.12515,0
-0.70667,0,0.70754,0,1,0,-0.70754,0,-0.70667,0.99974,0,0.1251,0
-0.70685,0,0.70736,0,1,0,-0.70736,0,-0.70685,0.99985,0,0.12506,0
-0.70698,0,0.70724,0,1,0,-0.70724,0,-0.70698,0.99992,0,0.12503,0
-0.70705,0,0.70716,0,1,0,-0.70716,0,-0.70705,0.99997,0,0.12501,0
-0.70709,0,0.70712,0,1,0,-0.70712,0,-0.70709,0.99999,0,0.125,0
-0.7071,0,0.70711,0,1,0,-0.70711,0,-0.7071,1,0,0.125,0
-0.70711,0,0.70711,0,1,0,-0.70711,0,-0.70711,1,0,0.125,0
-0.70711,0,0.70711,0,1,0,-0.70711,0,-0.70711,1,0,0.125,0
-0.70711,0,0.70711,0,1,0,-0.70711,0,-0.70711,1,0,0.125,0
-0.70711,0,0.70711,0,1,0,-0.70711,0,-0.70711,1,0,0.12499,0
-0.70711,0,0.70711,0,1,0,-0.70711,0,-0.70711,1,0,0.12497,0
-0.70711,0,0.70711,0,1,0,-0.70711,0,-0.70711,1,0,0.12494,0
-0.70711,0,0.70711,0,1,0,-0.70711,0,-0.70711,1,0,0.12488,0
-0.70711,0,0.70711,0,1,0,-0.70711,0,-0.70711,1,0,0.1248,0
-0.70711,0,0.70711,0,1,0,-0.70711,0,-0.70711,1,0,0.12468,0
-0.70711,0,0.70711,0,1,0,-0.70711,0,-0.70711,1,0,0.12453,0
-0.70711,0,0.70711,0,1,0,-0.70711,0,-0.70711,1,0,0.12435,0
-0.70711,0,0.70711,0,1,0,-0.70711,0,-0.70711,1,0,0.12412,0
-0.70711,0,0.70711,0,1,0,-0.70711,0,-0.70711,1,0,0.12385,0
-0.70711,0,0.70711,0,1,0,-0.70711,0,-0.70711,1,0,0.12353,0
-0.70711,0,0.70711,0,1,0,-0.70711,0,-0.70711,1,0,0.12316,0
-0.70711,0,0.70711,0,1,0,-0.70711,0,-0.70711,1,0,0.12274,0
-0.70711,0,0.70711,0,1,0,-0.70711,0,-0.70711,1,0,0.12226,0
-0.70711,0,0.70711,0,1,0,-0.70711,0,-0.70711,1,0,0.12174,0
-0.70711,0,0.70711,0,1,0,-0.70711,0,-0.70711,1,0,0.12115,0
-0.70711,0,0.70711,0,1,0,-0.70711,0,-0.70711,1,0,0.12051,0
-0.70711,0,0.70711,0,1,0,-0.70711,0,-0.70711,1,0,0.11981,0
-0.70711,0,0.70711,0,1,0,-0.70711,0,-0.70711,1,0,0.11905,0
-0.70711,0,0.70711,0,1,0,-0.70711,0,-0.70711,1,0,0.11823,0
-0.70711,0,0.70711,0,1,0,-0.70711,0,-0.70711,1,0,0.11736,0
-0.70711,0,0.70711,0,1,0,-0.70711,0,-0.70711,1,0,0.11642,0
-0.70711,0,0.70711,0,1,0,-0.70711,0,-0.70711,1,0,0.11543,0
-0.70711,0,0.70711,0,1,0,-0.70711,0,-0.70711,1,0,0.11438,0
-0.70711,0,0.70711,0,1,0,-0.70711,0,-0.70711,1,0,0.11327,0
-0.70711,0,0.70711,0,1,0,-0.70711,0,-0.70711,1,0,0.11211,0
-0.70711,0,0.70711,0,1,0,-0.70711,0,-0.70711,1,0,0.11089,0
-0.70711,0,0.70711,0,1,0,-0.70711,0,-0.70711,1,0,0.10961,0
-0.70711,0,0.70711,0,1,0,-0.70711,0,-0.70711,1,0,0.10829,0
-0.70711,0,0.70711,0,1,0,-0.70711,0,-0.70711,1,0,0.10691,0
-0.70711,0,0.70711,0,1,0,-0.70711,0,-0.70711,1,0,0.10549,0
-0.70711,0,0.70711,0,1,0,-0.70711,0,-0.70711,1,0,0.10401,0
-0.70711,0,0.70711,0,1,0,-0.70711,0,-0.70711,1,0,0.10249,0
-0.70711,0,0.70711,0,1,0,-0.70711,0,-0.70711,1,0,0.10093,0
-0.70711,0,0.70711,0,1,0,-0.70711,0,-0.70711,1,0,0.099329,0
-0.70711,0,0.70711,0,1,0,-0.70711,0,-0.70711,1,0,0.097687,0
-0.70711,0,0.70711,0,1,0,-0.70711,0,-0.70711,1,0,0.096009,0
-0.70711,0,0.70711,0,1,0,-0.70711,0,-0.70711,1,0,0.094298,0
-0.70711,0,0.70711,0,1,0,-0.70711,0,-0.70711,1,0,0.092555,0
-0.70711,0,0.70711,0,1,0,-0.70711,0,-0.70711,1,0,0.090785,0
-0.70711,0,0.70711,0,1,0,-0.70711,0,-0.70711,1,0,0.088989,0
-0.70711,0,0.70711,0,1,0,-0.70711,0,-0.70711,1,0,0.08717,0
-0.70711,0,0.70711,0,1,0,-0.70711,0,-0.70711,1,0,0.085331,0
-0.70711,0,0.70711,0,1,0,-0.70711,0,-0.70711,1,0,0.083476,0
-0.70711,0,0.70711,0,1,0,-0.70711,0,-0.70711,1,0,0.081607,0
-0.70711,0,0.70711,0,1,0,-0.70711,0,-0.70711,1,0,0.079727,0
-0.70711,0,0.70711,0,1,0,-0.70711,0,-0.70711,1,0,0.077839,0
-0.70711,0,0.70711,0,1,0,-0.70711,0,-0.70711,1,0,0.075947,0
-0.70711,0,0.70711,0,1,0,-0.70711,0,-0.70711,1,0,0.074053,0
-0.70711,0,0.70711,0,1,0,-0.70711,0,-0.70711,1,0,0.072161,0
-0.70711,0,0.70711,0,1,0,-0.70711,0,-0.70711,1,0,0.070273,0
-0.70711,0,0.70711,0,1,0,-0.70711,0,-0.70711,1,0,0.068393,0
-0.70711,0,0.70711,0,1,0,-0.70711,0,-0.70711,1,0,0.066524,0
-0.70711,0,0.70711,0,1,0,-0.70711,0,-0.70711,1,0,0.064669,0
-0.70711,0,0.70711,0,1,0,-0.70711,0,-0.70711,1,0,0.06283,0
-0.70711,0,0.70711,0,1,0,-0.70711,0,-0.70711,1,0,0.061011,0
-0.70711,0,0.70711,0,1,0,-0.70711,0,-0.70711,1,0,0.059215,0
-0.70711,0,0.70711,0,1,0,-0.70711,0,-0.70711,1,0,0.057445,0
-0.70711,0,0.70711,0,1,0,-0.70711,0,-0.70711,1,0,0.055702,0
-0.70711,0,0.70711,0,1,0,-0.70711,0,-0.70711,1,0,0.053991,0
-0.70711,0,0.70711,0,1,0,-0.70711,0,-0.70711,1,0,0.052313,0
-0.70711,0,0.70711,0,1,0,-0.70711,0,-0.70711,1,0,0.050671,0
-0.70711,0,0.70711,0,1,0,-0.70711,0,-0.70711,1,0,0.049068,0
-0.70711,0,0.70711,0,1,0,-0.70711,0,-0.70711,1,0,0.047506,0
-0.70711,0,0.70711,0,1,0,-0.70711,0,-0.70711,1,0,0.045988,0
-0.70711,0,0.70711,0,1,0,-0.70711,0,-0.70711,1,0,0.044514,0
-0.70711,0,0.70711,0,1,0,-0.70711,0,-0.70711,1,0,0.043088,0
-0.70711,0,0.70711,0,1,0,-0.70711,0,-0.70711,1,0,0.041711,0
-0.70711,0,0.70711,0,1,0,-0.70711,0,-0.70711,1,0,0.040385,0
-0.70711,0,0.70711,0,1,0,-0.70711,0,-0.70711,1,0,0.039112,0
-0.70711,0,0.70711,0,1,0,-0.70711,0,-0.70711,1,0,0.037892,0
-0.70711,0,0.70711,0,1,0,-0.70711,0,-0.70711,1,0,0.036728,0
-0.70711,0,0.70711,0,1,0,-0.70711,0,-0.70711,1,0,0.03562,0
-0.70711,0,0.70711,0,1,0,-0.70711,0,-0.70711,1,0,0.034569,0
-0.70711,0,0.70711,0,1,0,-0.70711,0,-0.70711,1,0,0.033576,0
-0.70711,0,0.70711,0,1,0,-0.70711,0,-0.70711,1,0,0.032641,0
-0.70711,0,0.70711,0,1,0,-0.70711,0,-0.70711,1,0,0.031765,0
-0.70711,0,0.70711,0,1,0,-0.70711,0,-0.70711,1,0,0.030948,0
-0.70711,0,0.70711,0,1,0,-0.70711,0,-0.70711,1,0,0.03019,0
-0.70711,0,0.70711,0,1,0,-0.70711,0,-0.70711,1,0,0.029491,0
-0.70711,0,0.70711,0,1,0,-0.70711,0,-0.70711,1,0,0.028849,0
-0.70711,0,0.70711,0,1,0,-0.70711,0,-0.70711,1,0,0.028264,0
-0.70711,0,0.70711,0,1,0,-0.70711,0,-0.70711,1,0,0.027736,0
-0.70711,0,0.70711,0,1,0,-0.70711,0,-0.70711,1,0,0.027262,0
-0.70711,0,0.70711,0,1,0,-0.70711,0,-0.70711,1,0,0.026842,0
-0.70711,0,0.70711,0,1,0,-0.70711,0,-0.70711,1,0,0.026473,0
-0.70711,0,0.70711,0,1,0,-0.70711,0,-0.70711,1,0,0.026153,0
-0.70711,0,0.70711,0,1,0,-0.70711,0,-0.70711,1,0,0.025881,0
-0.70711,0,0.70711,0,1,0,-0.70711,0,-0.70711,1,0,0.025653,0
-0.70711,0,0.70711,0,1,0,-0.70711,0,-0.70711,1,0,0.025466,0
-0.70711,0,0.70711,0,1,0,-0.70711,0,-0.70711,1,0,0.025317,0
-0.70711,0,0.70711,0,1,0,-0.70711,0,-0.70711,1,0,0.025203,0
-0.70711,0,0.70711,0,1,0,-0.70711,0,-0.70711,1,0,0.025119,0
-0.70711,0,0.70711,0,1,0,-0.70711,0,-0.70711,1,0,0.025062,0
-0.70711,0,0.70711,0,1,0,-0.70711,0,-0.70711,1,0,0.025027,0
-0.70711,0,0.70711,0,1,0,-0.70711,0,-0.70711,1,0,0.025008,0
-0.70711,0,0.70711,0,1,0,-0.70711,0,-0.70711,1,0,0.025001,0
-0.70711,0,0.70711,0,1,0,-0.70711,0,-0.70711,1,0,0.025,0
-0.70711,0,0.70711,0,1,0,-0.70711,0,-0.70711,1,0,0.025,1
-0.70711,0,0.70711,0,1,0,-0.70711,0,-0.70711,1,0,0.025,1
-0.70711,0,0.70711,0,1,0,-0.70711,0,-0.70711,1,0,0.025,1
-0.70711,0,0.70711,0,1,0,-0.70711,0,-0.70711,1,0,0.025,1
-0.70711,0,0.70711,0,1,0,-0.70711,0,-0.70711,1,0,0.025,1
-0.70711,0,0.70711,0,1,0,-0.70711,0,-0.70711,1,0,0.025,1
-0.70711,0,0.70711,0,1,0,-0.70711,0,-0.70711,1,0,0.025,1
-0.70711,0,0.70711,0,1,0,-0.70711,0,-0.70711,1,0,0.025,1
-0.70711,0,0.70711,0,1,0,-0.70711,0,-0.70711,1,0,0.025,1
-0.70711,0,0.70711,0,1,0,-0.70711,0,-0.70711,1,0,0.025,1
-0.70711,0,0.70711,0,1,0,-0.70711,0,-0.70711,1,0,0.025,1
-0.70711,0,0.70711,0,1,0,-0.70711,0,-0.70711,1,0,0.025,1
-0.70711,0,0.70711,0,1,0,-0.70711,0,-0.70711,1,0,0.025,1
-0.70711,0,0.70711,0,1,0,-0.70711,0,-0.70711,1,0,0.025,1
-0.70711,0,0.70711,0,1,0,-0.70711,0,-0.70711,1,0,0.025,1
-0.70711,0,0.70711,0,1,0,-0.70711,0,-0.70711,1,0,0.025,1
-0.70711,0,0.70711,0,1,0,-0.70711,0,-0.70711,1,0,0.025,1
-0.70711,0,0.70711,0,1,0,-0.70711,0,-0.70711,1,0,0.025,1
-0.70711,0,0.70711,0,1,0,-0.70711,0,-0.70711,1,0,0.025,1
-0.70711,0,0.70711,0,1,0,-0.70711,0,-0.70711,1,0,0.025,1
-0.70711,0,0.70711,0,1,0,-0.70711,0,-0.70711,1,0,0.025,1
-0.70711,0,0.70711,0,1,0,-0.70711,0,-0.70711,1,0,0.025,1
-0.70711,0,0.70711,0,1,0,-0.70711,0,-0.70711,1,0,0.025,1
-0.70711,0,0.70711,0,1,0,-0.70711,0,-0.70711,1,0,0.025,1
-0.70711,0,0.70711,0,1,0,-0.70711,0,-0.70711,1,0,0.025,1
-0.70711,0,0.70711,0,1,0,-0.70711,0,-0.70711,1,0,0.025,1
-0.70711,0,0.70711,0,1,0,-0.70711,0,-0.70711,1,0,0.025,1
-0.70711,0,0.70711,0,1,0,-0.70711,0,-0.70711,1,0,0.025,1
-0.70711,0,0.70711,0,1,0,-0.70711,0,-0.70711,1,0,0.025,1
-0.70711,0,0.70711,0,1,0,-0.70711,0,-0.70711,1,0,0.025,1
-0.70711,0,0.70711,0,1,0,-0.70711,0,-0.70711,1,0,0.025,1
-0.70711,0,0.70711,0,1,0,-0.70711,0,-0.70711,1,0,0.025,1
-0.70711,0,0.70711,0,1,0,-0.70711,0,-0.70711,1,0,0.025,1
-0.70711,0,0.70711,0,1,0,-0.70711,0,-0.70711,1,0,0.025,1
-0.70711,0,0.70711,0,1,0,-0.70711,0,-0.70711,1,0,0.025,1
-0.70711,0,0.70711,0,1,0,-0.70711,0,-0.70711,1,0,0.025,1
-0.70711,0,0.70711,0,1,0,-0.70711,0,-0.70711,1,0,0.025,1
-0.70711,0,0.70711,0,1,0,-0.70711,0,-0.70711,1,0,0.025,1
-0.70711,0,0.70711,0,1,0,-0.70711,0,-0.70711,1,0,0.025,1
-0.70711,0,0.70711,0,1,0,-0.70711,0,-0.70711,1,0,0.025,1
-0.70711,0,0.70711,0,1,0,-0.70711,0,-0.70711,1,0,0.025,1
-0.70711,0,0.70711,0,1,0,-0.70711,0,-0.70711,1,0,0.025,1
-0.70711,0,0.70711,0,1,0,-0.70711,0,-0.70711,1,0,0.025,1
-0.70711,0,0.70711,0,1,0,-0.70711,0,-0.70711,1,0,0.025,1
-0.70711,0,0.70711,0,1,0,-0.70711,0,-0.70711,1,0,0.025,1
-0.70711,0,0.70711,0,1,0,-0.70711,0,-0.70711,1,0,0.025,1
-0.70711,0,0.70711,0,1,0,-0.70711,0,-0.70711,1,0,0.025,1
-0.70711,0,0.70711,0,1,0,-0.70711,0,-0.70711,1,0,0.025,1
-0.70711,0,0.70711,0,1,0,-0.70711,0,-0.70711,1,0,0.025,1
-0.70711,0,0.70711,0,1,0,-0.70711,0,-0.70711,1,0,0.025,1
-0.70711,0,0.70711,0,1,0,-0.70711,0,-0.70711,1,0,0.025,1
-0.70711,0,0.70711,0,1,0,-0.70711,0,-0.70711,1,0,0.025,1
-0.70711,0,0.70711,0,1,0,-0.70711,0,-0.70711,1,0,0.025,1
-0.70711,0,0.70711,0,1,0,-0.70711,0,-0.70711,1,0,0.025,1
-0.70711,0,0.70711,0,1,0,-0.70711,0,-0.70711,1,0,0.025,1
-0.70711,0,0.70711,0,1,0,-0.70711,0,-0.70711,1,0,0.025,1
-0.70711,0,0.70711,0,1,0,-0.70711,0,-0.70711,1,0,0.025,1
-0.70711,0,0.70711,0,1,0,-0.70711,0,-0.70711,1,0,0.025,1
-0.70711,0,0.70711,0,1,0,-0.70711,0,-0.70711,1,0,0.025,1
-0.70711,0,0.70711,0,1,0,-0.70711,0,-0.70711,1,0,0.025,1
-0.70711,0,0.70711,0,1,0,-0.70711,0,-0.70711,1,0,0.025,1
-0.70711,0,0.70711,0,1,0,-0.70711,0,-0.70711,1,0,0.025,1
-0.70711,0,0.70711,0,1,0,-0.70711,0,-0.70711,1,0,0.025,1
-0.70711,0,0.70711,0,1,0,-0.70711,0,-0.70711,1,0,0.025,1
-0.70711,0,0.70711,0,1,0,-0.70711,0,-0.70711,1,0,0.025,1
-0.70711,0,0.70711,0,1,0,-0.70711,0,-0.70711,1,0,0.025,1
-0.70711,0,0.70711,0,1,0,-0.70711,0,-0.70711,1,0,0.025,1
-0.70711,0,0.70711,0,1,0,-0.70711,0,-0.70711,1,0,0.025,1
-0.70711,0,0.70711,0,1,0,-0.70711,0,-0.70711,1,0,0.025,1
-0.70711,0,0.70711,0,1,0,-0.70711,0,-0.70711,1,0,0.025,1
-0.70711,0,0.70711,0,1,0,-0.70711,0,-0.70711,1,0,0.025,1
-0.70711,0,0.70711,0,1,0,-0.70711,0,-0.70711,1,0,0.025,1
-0.70711,0,0.70711,0,1,0,-0.70711,0,-0.70711,1,0,0.025,1
-0.70711,0,0.70711,0,1,0,-0.70711,0,-0.70711,1,0,0.025,1
-0.70711,0,0.70711,0,1,0,-0.70711,0,-0.70711,1,0,0.025,1
-0.70711,0,0.70711,0,1,0,-0.70711,0,-0.70711,1,0,0.025,1
-0.70711,0,0.70711,0,1,0,-0.70711,0,-0.70711,1,0,0.025,1
-0.70711,0,0.70711,0,1,0,-0.70711,0,-0.70711,1,0,0.025,1
-0.70711,0,0.70711,0,1,0,-0.70711,0,-0.70711,1,0,0.025,1
-0.70711,0,0.70711,0,1,0,-0.70711,0,-0.70711,1,0,0.025,1
-0.70711,0,0.70711,0,1,0,-0.70711,0,-0.70711,1,0,0.025,1
-0.70711,0,0.70711,0,1,0,-0.70711,0,-0.70711,1,0,0.025,1
-0.70711,0,0.70711,0,1,0,-0.70711,0,-0.70711,1,0,0.025,1
-0.70711,0,0.70711,0,1,0,-0.70711,0,-0.70711,1,0,0.025,1
-0.70711,0,0.70711,0,1,0,-0.70711,0,-0.70711,1,0,0.025,1
-0.70711,0,0.70711,0,1,0,-0.70711,0,-0.70711,1,0,0.025,1
-0.70711,0,0.70711,0,1,0,-0.70711,0,-0.70711,1,0,0.025,1
-0.70711,0,0.70711,0,1,0,-0.70711,0,-0.70711,1,0,0.025,1
-0.70711,0,0.70711,0,1,0,-0.70711,0,-0.70711,1,0,0.025,1
-0.70711,0,0.70711,0,1,0,-0.70711,0,-0.70711,1,0,0.025,1
-0.70711,0,0.70711,0,1,0,-0.70711,0,-0.70711,1,0,0.025,1
-0.70711,0,0.70711,0,1,0,-0.70711,0,-0.70711,1,0,0.025,1
-0.70711,0,0.70711,0,1,0,-0.70711,0,-0.70711,1,0,0.025,1
-0.70711,0,0.70711,0,1,0,-0.70711,0,-0.70711,1,0,0.025,1
-0.70711,0,0.70711,0,1,0,-0.70711,0,-0.70711,1,0,0.025,1
-0.70711,0,0.70711,0,1,0,-0.70711,0,-0.70711,1,0,0.025,1
-0.70711,0,0.70711,0,1,0,-0.70711,0,-0.70711,1,0,0.025,1
-0.70711,0,0.70711,0,1,0,-0.70711,0,-0.70711,1,0,0.025,1
-0.70711,0,0.70711,0,1,0,-0.70711,0,-0.70711,1,0,0.025,1
-0.70711,0,0.70711,0,1,0,-0.70711,0,-0.70711,1,0,0.025,1
-0.70711,0,0.70711,0,1,0,-0.70711,0,-0.70711,1,0,0.025,1
-0.70711,0,0.70711,0,1,0,-0.70711,0,-0.70711,1,0,0.025001,1
-0.70711,0,0.70711,0,1,0,-0.70711,0,-0.70711,1,0,0.025008,1
-0.70711,0,0.70711,0,1,0,-0.70711,0,-0.70711,1,0,0.025027,1
-0.70711,0,0.70711,0,1,0,-0.70711,0,-0.70711,1,0,0.025062,1
-0.70711,0,0.70711,0,1,0,-0.70711,0,-0.70711,1,0,0.025119,1
-0.70711,0,0.70711,0,1,0,-0.70711,0,-0.70711,1,0,0.025203,1
-0.70711,0,0.70711,0,1,0,-0.70711,0,-0.70711,1,0,0.025317,1
-0.70711,0,0.70711,0,1,0,-0.70711,0,-0.70711,1,0,0.025466,1
-0.70711,0,0.70711,0,1,0,-0.70711,0,-0.70711,1,0,0.025653,1
-0.70711,0,0.70711,0,1,0,-0.70711,0,-0.70711,1,0,0.025881,1
-0.70711,0,0.70711,0,1,0,-0.70711,0,-0.70711,1,0,0.026153,1
-0.70711,0,0.70711,0,1,0,-0.70711,0,-0.70711,1,0,0.026473,1
-0.70711,0,0.70711,0,1,0,-0.70711,0,-0.70711,1,0,0.026842,1
-0.70711,0,0.70711,0,1,0,-0.70711,0,-0.70711,1,0,0.027262,1
-0.70711,0,0.70711,0,1,0,-0.70711,0,-0.70711,1,0,0.027736,1
-0.70711,0,0.70711,0,1,0,-0.70711,0,-0.70711,1,0,0.028264,1
-0.70711,0,0.70711,0,1,0,-0.70711,0,-0.70711,1,0,0.028849,1
-0.70711,0,0.70711,0,1,0,-0.70711,0,-0.70711,1,0,0.029491,1
-0.70711,0,0.70711,0,1,0,-0.70711,0,-0.70711,1,0,0.03019,1
-0.70711,0,0.70711,0,1,0,-0.70711,0,-0.70711,1,0,0.030948,1
-0.70711,0,0.70711,0,1,0,-0.70711,0,-0.70711,1,0,0.031765,1
-0.70711,0,0.70711,0,1,0,-0.70711,0,-0.70711,1,0,0.032641,1
-0.70711,0,0.70711,0,1,0,-0.70711,0,-0.70711,1,0,0.033576,1
-0.70711,0,0.70711,0,1,0,-0.70711,0,-0.70711,1,0,0.034569,1
-0.70711,0,0.70711,0,1,0,-0.70711,0,-0.70711,1,0,0.03562,1
-0.70711,0,0.70711,0,1,0,-0.70711,0,-0.70711,1,0,0.036728,1
-0.70711,0,0.70711,0,1,0,-0.70711,0,-0.70711,1,0,0.037892,1
-0.70711,0,0.70711,0,1,0,-0.70711,0,-0.70711,1,0,0.039112,1
-0.70711,0,0.70711,0,1,0,-0.70711,0,-0.70711,1,0,0.040385,1
-0.70711,0,0.70711,0,1,0,-0.70711,0,-0.70711,1,0,0.041711,1
-0.70711,0,0.70711,0,1,0,-0.70711,0,-0.70711,1,0,0.043088,1
-0.70711,0,0.70711,0,1,0,-0.70711,0,-0.70711,1,0,0.044514,1
-0.70711,0,0.70711,0,1,0,-0.70711,0,-0.70711,1,0,0.045988,1
-0.70711,0,0.70711,0,1,0,-0.70711,0,-0.70711,1,0,0.047506,1
-0.70711,0,0.70711,0,1,0,-0.70711,0,-0.70711,1,0,0.049068,1
-0.70711,0,0.70711,0,1,0,-0.70711,0,-0.70711,1,0,0.050671,1
-0.70711,0,0.70711,0,1,0,-0.70711,0,-0.70711,1,0,0.052313,1
-0.70711,0,0.70711,0,1,0,-0.70711,0,-0.70711,1,0,0.053991,1
-0.70711,0,0.70711,0,1,0,-0.70711,0,-0.70711,1,0,0.055702,1
-0.70711,0,0.70711,0,1,0,-0.70711,0,-0.70711,1,0,0.057445,1
-0.70711,0,0.70711,0,1,0,-0.70711,0,-0.70711,1,0,0.059215,1
-0.70711,0,0.70711,0,1,0,-0.70711,0,-0.70711,1,0,0.061011,1
-0.70711,0,0.70711,0,1,0,-0.70711,0,-0.70711,1,0,0.06283,1
-0.70711,0,0.70711,0,1,0,-0.70711,0,-0.70711,1,0,0.064669,1
-0.70711,0,0.70711,0,1,0,-0.70711,0,-0.70711,1,0,0.066524,1
-0.70711,0,0.70711,0,1,0,-0.70711,0,-0.70711,1,0,0.068393,1
-0.70711,0,0.70711,0,1,0,-0.70711,0,-0.70711,1,0,0.070273,1
-0.70711,0,0.70711,0,1,0,-0.70711,0,-0.70711,1,0,0.072161,1
-0.70711,0,0.70711,0,1,0,-0.70711,0,-0.70711,1,0,0.074053,1
-0.70711,0,0.70711,0,1,0,-0.70711,0,-0.70711,1,0,0.075947,1
-0.70711,0,0.70711,0,1,0,-0.70711,0,-0.70711,1,0,0.077839,1
-0.70711,0,0.70711,0,1,0,-0.70711,0,-0.70711,1,0,0.079727,1
-0.70711,0,0.70711,0,1,0,-0.70711,0,-0.70711,1,0,0.081607,1
-0.70711,0,0.70711,0,1,0,-0.70711,0,-0.70711,1,0,0.083476,1
-0.70711,0,0.70711,0,1,0,-0.70711,0,-0.70711,1,0,0.085331,1
-0.70711,0,0.70711,0,1,0,-0.70711,0,-0.70711,1,0,0.08717,1
-0.70711,0,0.70711,0,1,0,-0.70711,0,-0.70711,1,0,0.088989,1
-0.70711,0,0.70711,0,1,0,-0.70711,0,-0.70711,1,0,0.090785,1
-0.70711,0,0.70711,0,1,0,-0.70711,0,-0.70711,1,0,0.092555,1
-0.70711,0,0.70711,0,1,0,-0.70711,0,-0.70711,1,0,0.094298,1
-0.70711,0,0.70711,0,1,0,-0.70711,0,-0.70711,1,0,0.096009,1
-0.70711,0,0.70711,0,1,0,-0.70711,0,-0.70711,1,0,0.097687,1
-0.70711,0,0.70711,0,1,0,-0.70711,0,-0.70711,1,0,0.099329,1
-0.70711,0,0.70711,0,1,0,-0.70711,0,-0.70711,1,0,0.10093,1
-0.70711,0,0.70711,0,1,0,-0.70711,0,-0.70711,1,0,0.10249,1
-0.70711,0,0.70711,0,1,0,-0.70711,0,-0.70711,1,0,0.10401,1
-0.70711,0,0.70711,0,1,0,-0.70711,0,-0.70711,1,0,0.10549,1
-0.70711,0,0.70711,0,1,0,-0.70711,0,-0.70711,1,0,0.10691,1
-0.70711,0,0.70711,0,1,0,-0.70711,0,-0.70711,1,0,0.10829,1
-0.70711,0,0.70711,0,1,0,-0.70711,0,-0.70711,1,0,0.10961,1
-0.70711,0,0.70711,0,1,0,-0.70711,0,-0.70711,1,0,0.11089,1
-0.70711,0,0.70711,0,1,0,-0.70711,0,-0.70711,1,0,0.11211,1
-0.70711,0,0.70711,0,1,0,-0.70711,0,-0.70711,1,0,0.11327,1
-0.70711,0,0.70711,0,1,0,-0.70711,0,-0.70711,1,0,0.11438,1
-0.70711,0,0.70711,0,1,0,-0.70711,0,-0.70711,1,0,0.11543,1
-0.70711,0,0.70711,0,1,0,-0.70711,0,-0.70711,1,0,0.11642,1
-0.70711,0,0.70711,0,1,0,-0.70711,0,-0.70711,1,0,0.11736,1
-0.70711,0,0.70711,0,1,0,-0.70711,0,-0.70711,1,0,0.11823,1
-0.70711,0,0.70711,0,1,0,-0.70711,0,-0.70711,1,0,0.11905,1
-0.70711,0,0.70711,0,1,0,-0.70711,0,-0.70711,1,0,0.11981,1
-0.70711,0,0.70711,0,1,0,-0.70711,0,-0.70711,1,0,0.12051,1
-0.70711,0,0.70711,0,1,0,-0.70711,0,-0.70711,1,0,0.12115,1
-0.70711,0,0.70711,0,1,0,-0.70711,0,-0.70711,1,0,0.12174,1
-0.70711,0,0.70711,0,1,0,-0.70711,0,-0.70711,1,0,0.12226,1
-0.70711,0,0.70711,0,1,0,-0.70711,0,-0.70711,1,0,0.12274,1
-0.70711,0,0.70711,0,1,0,-0.70711,0,-0.70711,1,0,0.12316,1
-0.70711,0,0.70711,0,1,0,-0.70711,0,-0.70711,1,0,0.12353,1
-0.70711,0,0.70711,0,1,0,-0.70711,0,-0.70711,1,0,0.12385,1
-0.70711,0,0.70711,0,1,0,-0.70711,0,-0.70711,1,0,0.12412,1
-0.70711,0,0.70711,0,1,0,-0.70711,0,-0.70711,1,0,0.12435,1
-0.70711,0,0.70711,0,1,0,-0.70711,0,-0.70711,1,0,0.12453,1
-0.70711,0,0.70711,0,1,0,-0.70711,0,-0.70711,1,0,0.12468,1
-0.70711,0,0.70711,0,1,0,-0.70711,0,-0.70711,1,0,0.1248,1
-0.70711,0,0.70711,0,1,0,-0.70711,0,-0.70711,1,0,0.12488,1
-0.70711,0,0.70711,0,1,0,-0.70711,0,-0.70711,1,0,0.12494,1
-0.70711,0,0.70711,0,1,0,-0.70711,0,-0.70711,1,0,0.12497,1
-0.70711,0,0.70711,0,1,0,-0.70711,0,-0.70711,1,0,0.12499,1
-0.70711,0,0.70711,0,1,0,-0.70711,0,-0.70711,1,0,0.125,1
-0.70711,0,0.70711,0,1,0,-0.70711,0,-0.70711,1,0,0.125,1
-0.70711,0,0.70711,0,1,0,-0.70711,0,-0.70711,1,0,0.125,1
-0.70711,1.9783e-06,0.70711,1.3988e-06,1,-1.3988e-06,-0.70711,2.8144e-23,-0.70711,1,-1.2594e-06,0.125,1
-0.70711,1.5707e-05,0.70711,1.1106e-05,1,-1.1106e-05,-0.70711,1.959e-22,-0.70711,0.99999,-9.9991e-06,0.125,1
-0.70711,5.2608e-05,0.70711,3.7199e-05,1,-3.7199e-05,-0.70711,-7.3801e-22,-0.70711,0.99997,-3.3491e-05,0.125,1
-0.70711,0.00012375,0.70711,8.7506e-05,1,-8.7506e-05,-0.70711,-6.456e-21,-0.70711,0.99992,-7.8783e-05,0.125,1
-0.70711,0.00023986,0.70711,0.00016961,1,-0.00016961,-0.70711,2.5408e-21,-0.70711,0.99985,-0.0001527,0.125,1
-0.70711,0.0004113,0.70711,0.00029084,1,-0.00029084,-0.70711,-8.3936e-21,-0.70711,0.99974,-0.00026184,0.125,1
-0.70711,0.00064812,0.70711,0.00045829,1,-0.00045829,-0.70711,1.2052e-20,-0.70711,0.99959,-0.0004126,0.125,1
-0.70711,0.00095999,0.70711,0.00067882,1,-0.00067882,-0.70711,1.7726e-20,-0.70711,0.99939,-0.00061115,0.125,1
-0.70711,0.0013563,0.70711,0.00095904,1,-0.00095904,-0.70711,2.5249e-20,-0.70711,0.99914,-0.00086344,0.125,1
-0.70711,0.001846,0.70711,0.0013053,1,-0.0013053,-0.70711,-3.632e-20,-0.70711,0.99882,-0.0011752,0.125,1
-0.7071,0.0024379,0.7071,0.0017239,1,-0.0017239,-0.70711,9.8427e-20,-0.70711,0.99845,-0.001552,0.125,1
-0.7071,0.0031403,0.7071,0.0022205,1,-0.0022205,-0.70711,1.0068e-19,-0.70711,0.998,-0.0019992,0.125,1
-0.7071,0.0039612,0.7071,0.002801,0.99999,-0.002801,-0.70711,-1.1129e-19,-0.70711,0.99748,-0.0025218,0.125,1
-0.7071,0.0049085,0.7071,0.0034708,0.99999,-0.0034708,-0.70711,5.8899e-20,-0.70711,0.99688,-0.0031249,0.125,1
-0.70709,0.0059895,0.70709,0.0042352,0.99998,-0.0042352,-0.70711,-2.1064e-19,-0.70711,0.99619,-0.003813,0.125,1
-0.70709,0.0072113,0.70709,0.0050992,0.99997,-0.0050992,-0.70711,7.5172e-20,-0.70711,0.99541,-0.0045909,0.125,1
-0.70708,0.0085807,0.70708,0.0060675,0.99996,-0.0060675,-0.70711,2.42e-19,-0.70711,0.99454,-0.0054627,0.125,1
-0.70707,0.010104,0.70707,0.0071448,0.99995,-0.0071448,-0.70711,-1.1914e-19,-0.70711,0.99357,-0.0064327,0.125,1
-0.70706,0.011788,0.70706,0.0083355,0.99993,-0.0083355,-0.70711,-2.4865e-19,-0.70711,0.9925,-0.0075048,0.125,1
-0.70704,0.013638,0.70704,0.0096437,0.99991,-0.0096437,-0.70711,1.9682e-19,-0.70711,0.99132,-0.0086827,0.125,1
-0.70702,0.01566,0.70702,0.011073,0.99988,-0.011073,-0.70711,7.4918e-19,-0.70711,0.99003,-0.00997,0.125,1
-0.70699,0.017859,0.70699,0.012628,0.99984,-0.012628,-0.70711,7.4147e-19,-0.70711,0.98863,-0.01137,0.125,1
-0.70696,0.02024,0.70696,0.014312,0.9998,-0.014312,-0.70711,-1.4288e-19,-0.70711,0.98711,-0.012886,0.125,1
-0.70692,0.022808,0.70692,0.016128,0.99974,-0.016128,-0.70711,1.2173e-19,-0.70711,0.98548,-0.014522,0.125,1
-0.70688,0.025568,0.70688,0.018079,0.99967,-0.018079,-0.70711,1.3531e-19,-0.70711,0.98372,-0.016279,0.125,1
-0.70682,0.028522,0.70682,0.020168,0.99959,-0.020168,-0.70711,2.4988e-19,-0.70711,0.98184,-0.01816,0.125,1
-0.70675,0.031676,0.70675,0.022399,0.9995,-0.022399,-0.70711,1.2967e-19,-0.70711,0.97983,-0.020169,0.125,1
-0.70667,0.035033,0.70667,0.024772,0.99939,-0.024772,-0.70711,-6.9382e-19,-0.70711,0.97769,-0.022308,0.125,1
-0.70658,0.038597,0.70658,0.027292,0.99925,-0.027292,-0.70711,7.0381e-19,-0.70711,0.97542,-0.024577,0.125,1
-0.70647,0.042369,0.70647,0.029959,0.9991,-0.029959,-0.70711,-1.8143e-19,-0.70711,0.97302,-0.026981,0.125,1
-0.70635,0.046353,0.70635,0.032777,0.99893,-0.032777,-0.70711,-8.0515e-19,-0.70711,0.97048,-0.02952,0.125,1
-0.7062,0.050552,0.7062,0.035746,0.99872,-0.035746,-0.70711,-1.6607e-19,-0.70711,0.9678,-0.032196,0.125,1
-0.70604,0.054968,0.70604,0.038868,0.99849,-0.038868,-0.70711,1.6023e-18,-0.70711,0.96499,-0.035011,0.125,1
-0.70585,0.059602,0.70585,0.042145,0.99822,-0.042145,-0.70711,-8.867e-19,-0.70711,0.96203,-0.037966,0.125,1
-0.70564,0.064456,0.70564,0.045577,0.99792,-0.045577,-0.70711,-8.5305e-19,-0.70711,0.95894,-0.041062,0.125,1
-0.7054,0.069531,0.7054,0.049166,0.99758,-0.049166,-0.70711,-9.2056e-19,-0.70711,0.9557,-0.044301,0.125,1
-0.70512,0.07483,0.70512,0.052913,0.9972,-0.052913,-0.70711,2.1017e-18,-0.70711,0.95232,-0.047683,0.125,1
-0.70482,0.080351,0.70482,0.056817,0.99677,-0.056817,-0.70711,-2.5094e-19,-0.70711,0.94879,-0.051209,0.125,1
-0.70448,0.086097,0.70448,0.06088,0.99629,-0.06088,-0.70711,1.0365e-19,-0.70711,0.94512,-0.054879,0.125,1
-0.7041,0.092067,0.7041,0.065101,0.99575,-0.065101,-0.70711,5.9228e-19,-0.70711,0.94131,-0.058695,0.125,1
-0.70368,0.098261,0.70368,0.069481,0.99516,-0.069481,-0.70711,1.1263e-18,-0.70711,0.93734,-0.062656,0.125,1
-0.70322,0.10468,0.70322,0.074019,0.99451,-0.074019,-0.70711,-1.9622e-18,-0.70711,0.93324,-0.066763,0.125,1
-0.70271,0.11132,0.70271,0.078715,0.99378,-0.078715,-0.70711,-1.0553e-18,-0.70711,0.92898,-0.071016,0.125,1
-0.70215,0.11818,0.70215,0.083568,0.99299,-0.083568,-0.70711,1.1166e-18,-0.70711,0.92459,-0.075414,0.125,1
-0.70154,0.12527,0.70154,0.088578,0.99212,-0.088578,-0.70711,5.5344e-18,-0.70711,0.92004,-0.079958,0.125,1
-0.70087,0.13257,0.70087,0.093742,0.99117,-0.093742,-0.70711,4.5164e-18,-0.70711,0.91535,-0.084647,0.125,1
-0.70013,0.14009,0.70013,0.099061,0.99014,-0.099061,-0.70711,2.0002e-18,-0.70711,0.91052,-0.089481,0.125,1
-0.69934,0.14783,0.69934,0.10453,0.98901,-0.10453,-0.70711,4.5824e-18,-0.70711,0.90554,-0.094459,0.125,1
-0.69847,0.15578,0.69847,0.11016,0.98779,-0.11016,-0.70711,-1.3194e-18,-0.70711,0.90042,-0.099581,0.125,1
-0.69754,0.16395,0.69754,0.11593,0.98647,-0.11593,-0.70711,4.7014e-18,-0.70711,0.89515,-0.10485,0.125,1
-0.69653,0.17232,0.69653,0.12185,0.98504,-0.12185,-0.70711,-1.7221e-19,-0.70711,0.88975,-0.11025,0.125,1
-0.69544,0.18089,0.69544,0.12791,0.9835,-0.12791,-0.70711,-1.3281e-18,-0.70711,0.8842,-0.1158,0.125,1
-0.69427,0.18967,0.69427,0.13412,0.98185,-0.13412,-0.70711,-4.5839e-18,-0.70711,0.87852,-0.12148,0.125,1
-0.69301,0.19865,0.69301,0.14046,0.98007,-0.14046,-0.70711,5.5724e-18,-0.70711,0.87269,-0.12731,0.125,1
-0.69167,0.20782,0.69167,0.14695,0.97817,-0.14695,-0.70711,7.7159e-19,-0.70711,0.86673,-0.13327,0.125,1
-0.69023,0.21718,0.69023,0.15357,0.97613,-0.15357,-0.70711,9.955e-19,-0.70711,0.86063,-0.13937,0.125,1
-0.68869,0.22672,0.68869,0.16031,0.97396,-0.16031,-0.70711,1.5783e-18,-0.70711,0.8544,-0.1456,0.125,1
-0.68706,0.23644,0.68706,0.16719,0.97165,-0.16719,-0.70711,3.2719e-18,-0.70711,0.84804,-0.15196,0.125,1
-0.68532,0.24634,0.68532,0.17419,0.96918,-0.17419,-0.70711,-5.0207e-18,-0.70711,0.84154,-0.15846,0.125,1
-0.68347,0.25641,0.68347,0.18131,0.96657,-0.18131,-0.70711,1.2365e-17,-0.70711,0.83492,-0.16508,0.125,1
-0.68151,0.26664,0.68151,0.18855,0.9638,-0.18855,-0.70711,5.7457e-18,-0.70711,0.82817,-0.17183,0.125,1
-0.67943,0.27703,0.67943,0.19589,0.96086,-0.19589,-0.70711,1.0863e-17,-0.70711,0.8213,-0.1787,0.125,1
-0.67724,0.28758,0.67724,0.20335,0.95776,-0.20335,-0.70711,-2.6649e-18,-0.70711,0.8143,-0.1857,0.125,1
-0.67492,0.29827,0.67492,0.21091,0.95448,-0.21091,-0.70711,-5.2954e-18,-0.70711,0.80718,-0.19282,0.125,1
-0.67248,0.30909,0.67248,0.21856,0.95103,-0.21856,-0.70711,4.3061e-18,-0.70711,0.79995,-0.20005,0.125,1
-0.66991,0.32005,0.66991,0.22631,0.9474,-0.22631,-0.70711,-3.4635e-18,-0.70711,0.7926,-0.2074,0.125,1
-0.66721,0.33114,0.66721,0.23415,0.94358,-0.23415,-0.70711,1.2752e-17,-0.70711,0.78514,-0.21486,0.125,1
-0.66438,0.34234,0.66438,0.24207,0.93958,-0.24207,-0.70711,7.7509e-18,-0.70711,0.77756,-0.22244,0.125,1
-0.66141,0.35365,0.66141,0.25007,0.93538,-0.25007,-0.70711,3.0288e-18,-0.70711,0.76988,-0.23012,0.125,1
-0.6583,0.36507,0.6583,0.25814,0.93098,-0.25814,-0.70711,-9.7629e-18,-0.70711,0.76209,-0.23791,0.125,1
-0.65505,0.37657,0.65505,0.26628,0.92639,-0.26628,-0.70711,7.5392e-18,-0.70711,0.7542,-0.2458,0.125,1
-0.65166,0.38817,0.65166,0.27448,0.92159,-0.27448,-0.70711,2.0126e-18,-0.70711,0.74622,-0.25378,0.125,1
-0.64812,0.39984,0.64812,0.28273,0.91658,-0.28273,-0.70711,-9.9564e-18,-0.70711,0.73813,-0.26187,0.125,1
-0.64444,0.41158,0.64444,0.29103,0.91137,-0.29103,-0.70711,-1.2481e-17,-0.70711,0.72995,-0.27005,0.125,1
-0.6406,0.42339,0.6406,0.29938,0.90595,-0.29938,-0.70711,2.1146e-19,-0.70711,0.72168,-0.27832,0.125,1
-0.63662,0.43525,0.63662,0.30776,0.90031,-0.30776,-0.70711,-7.6193e-18,-0.70711,0.71332,-0.28668,0.125,1
-0.63248,0.44715,0.63248,0.31618,0.89446,-0.31618,-0.70711,5.3203e-18,-0.70711,0.70488,-0.29512,0.125,1
-0.62819,0.45908,0.62819,0.32462,0.88839,-0.32462,-0.70711,8.2516e-18,-0.70711,0.69636,-0.30364,0.125,1
-0.62375,0.47104,0.62375,0.33308,0.88211,-0.33308,-0.70711,4.0731e-18,-0.70711,0.68776,-0.31224,0.125,1
-0.61915,0.48302,0.61915,0.34155,0.87561,-0.34155,-0.70711,-4.8741e-18,-0.70711,0.67908,-0.32092,0.125,1
-0.6144,0.495,0.6144,0.35002,0.86889,-0.35002,-0.70711,-1.1373e-17,-0.70711,0.67033,-0.32967,0.125,1
-0.60949,0.50699,0.60949,0.35849,0.86195,-0.35849,-0.70711,-4.3859e-19,-0.70711,0.66152,-0.33848,0.125,1
-0.60443,0.51896,0.60443,0.36696,0.8548,-0.36696,-0.70711,-3.4627e-18,-0.70711,0.65264,-0.34736,0.125,1
-0.59922,0.53091,0.59922,0.37541,0.84743,-0.37541,-0.70711,-7.6894e-18,-0.70711,0.6437,-0.3563,0.125,1
-0.59385,0.54284,0.59385,0.38385,0.83984,-0.38385,-0.70711,5.1684e-18,-0.70711,0.6347,-0.3653,0.125,1
-0.58834,0.55473,0.58834,0.39225,0.83203,-0.39225,-0.70711,2.0367e-17,-0.70711,0.62565,-0.37435,0.125,1
-0.58267,0.56657,0.58267,0.40062,0.82402,-0.40062,-0.70711,2.0288e-18,-0.70711,0.61654,-0.38346,0.125,1
-0.57685,0.57835,0.57685,0.40896,0.81579,-0.40896,-0.70711,6.1583e-18,-0.70711,0.60739,-0.39261,0.125,1
-0.57088,0.59007,0.57088,0.41724,0.80735,-0.41724,-0.70711,1.4355e-17,-0.70711,0.5982,-0.4018,0.125,1
-0.56477,0.60172,0.56477,0.42548,0.79871,-0.42548,-0.70711,2.0412e-17,-0.70711,0.58897,-0.41103,0.125,1
-0.55852,0.61328,0.55852,0.43365,0.78987,-0.43365,-0.70711,-8.157e-18,-0.70711,0.5797,-0.4203,0.125,1
